-45 -20
2 -19
-42 -9
-19 27
43 0
21 39
-72 -32
-61 -44
26 27
-58 11
68 -35
-64 42
-23 -29
45 15
60 -28
-14 -4
-31 16
-9 -43
-67 0
11 -37
45 32
-41 35
-21 11
34 -26
8 -14
-53 37
5 20
35 -37
-36 0
-21 -15
30 -43
-28 25
49 7
-4 -2
-9 15
-29 -42
68 40
61 31
29 -24
32 13
-45 13
-12 -20
-15 42
-39 10
67 6
-3 -14
-52 -45
42 -15
-34 -31
18 -45
8 -11
-11 22
28 41
-61 44
66 29
69 5
-48 -28
7 41
-31 41
-22 -22
34 12
67 -17
65 25
7 -36
-66 6
-17 -42
-49 2
-32 24
33 30
44 -13
-11 -3
47 42
-7 18
35 -38
52 -35
16 6
-4 14
-16 -1
-49 -24
8 28
-26 30
29 10
-50 -6
-51 -18
-66 -10
-12 38
51 -18
34 10
41 27
-37 40
33 43
-35 -19
-57 -45
-55 -7
-69 35
-46 -43
28 12
-1 -45
-9 26
-20 3